{
 "direct": 0.44878194472830013,
 "power": 0.44878194472830013,
 "power_minus_direct": 0.0,
 "ulp_at_direct": 5.551115123125783e-17,
 "power_is_exactly_1ulp_above_direct": false,
 "eps_pow_float": 1.9791500943140797e-18,
 "eps_pow_over_ulp": 0.035653198509052686,
 "eps_pow_over_half_ulp": 0.07130639701810537,
 "decomposition_is_complete_eps_pow_plus_eps_root_eq_f1": true,
 "no_third_term_possible": true,
 "scan_epspow_dominant_cells": 2198,
 "scan_eproot_dominant_cells": 1802,
 "scan_both_zero_cells": 0
}