{
 "art_operand": 0.7480896509072543,
 "art_direct": 0.44878194472830013,
 "direct_recomputed_from_art_operand": 0.44036187420546236,
 "direct_matches_artifact": false,
 "operand_that_yields_art_direct": 0.742440607235151,
 "fcol": 0.74291253059288,
 "operand_for_f_sqrt_1_minus_f": 0.5070379368519875,
 "sqrt_1_minus_fcol_eq_art_operand": 0.24105171405526682,
 "direct_at_opf": 0.7429125305928799
}